(kicad_pcb (version 20171130) (host pcbnew "(5.0.2-5-10.14)")

  (general
    (thickness 1.6)
    (drawings 9)
    (tracks 228)
    (zones 0)
    (modules 24)
    (nets 43)
  )

  (page A4)
  (layers
    (0 F.Cu signal)
    (31 B.Cu signal)
    (32 B.Adhes user)
    (33 F.Adhes user)
    (34 B.Paste user)
    (35 F.Paste user)
    (36 B.SilkS user)
    (37 F.SilkS user)
    (38 B.Mask user)
    (39 F.Mask user)
    (40 Dwgs.User user)
    (41 Cmts.User user)
    (42 Eco1.User user)
    (43 Eco2.User user)
    (44 Edge.Cuts user)
    (45 Margin user)
    (46 B.CrtYd user)
    (47 F.CrtYd user)
    (48 B.Fab user)
    (49 F.Fab user)
  )

  (setup
    (last_trace_width 0.25)
    (trace_clearance 0.2)
    (zone_clearance 0.508)
    (zone_45_only no)
    (trace_min 0.1524)
    (segment_width 0.2)
    (edge_width 0.1)
    (via_size 0.8)
    (via_drill 0.4)
    (via_min_size 0.508)
    (via_min_drill 0.254)
    (uvia_size 0.3)
    (uvia_drill 0.1)
    (uvias_allowed no)
    (uvia_min_size 0.2)
    (uvia_min_drill 0.1)
    (pcb_text_width 0.3)
    (pcb_text_size 1.5 1.5)
    (mod_edge_width 0.15)
    (mod_text_size 1 1)
    (mod_text_width 0.15)
    (pad_size 1.5 1.5)
    (pad_drill 0.6)
    (pad_to_mask_clearance 0.0508)
    (solder_mask_min_width 0.25)
    (aux_axis_origin 0 0)
    (visible_elements FFFFFF7F)
    (pcbplotparams
      (layerselection 0x010fc_ffffffff)
      (usegerberextensions true)
      (usegerberattributes false)
      (usegerberadvancedattributes false)
      (creategerberjobfile false)
      (excludeedgelayer true)
      (linewidth 0.100000)
      (plotframeref false)
      (viasonmask false)
      (mode 1)
      (useauxorigin false)
      (hpglpennumber 1)
      (hpglpenspeed 20)
      (hpglpendiameter 15.000000)
      (psnegative false)
      (psa4output false)
      (plotreference true)
      (plotvalue true)
      (plotinvisibletext false)
      (padsonsilk false)
      (subtractmaskfromsilk false)
      (outputformat 1)
      (mirror false)
      (drillshape 0)
      (scaleselection 1)
      (outputdirectory "gerber/"))
  )

  (net 0 "")
  (net 1 "Net-(C1-Pad1)")
  (net 2 "Net-(C2-Pad1)")
  (net 3 VCC)
  (net 4 "Net-(D1-Pad2)")
  (net 5 /row0)
  (net 6 "Net-(D2-Pad2)")
  (net 7 /row1)
  (net 8 "Net-(D3-Pad2)")
  (net 9 "Net-(D4-Pad2)")
  (net 10 "Net-(J1-Pad2)")
  (net 11 "Net-(J1-Pad3)")
  (net 12 "Net-(J1-Pad4)")
  (net 13 /col0)
  (net 14 /col1)
  (net 15 "Net-(R3-Pad1)")
  (net 16 "Net-(R4-Pad1)")
  (net 17 "Net-(U1-Pad1)")
  (net 18 "Net-(U1-Pad8)")
  (net 19 "Net-(U1-Pad9)")
  (net 20 "Net-(U1-Pad10)")
  (net 21 "Net-(U1-Pad11)")
  (net 22 "Net-(U1-Pad12)")
  (net 23 "Net-(U1-Pad18)")
  (net 24 "Net-(U1-Pad19)")
  (net 25 "Net-(U1-Pad20)")
  (net 26 "Net-(U1-Pad21)")
  (net 27 "Net-(U1-Pad22)")
  (net 28 "Net-(U1-Pad25)")
  (net 29 "Net-(U1-Pad26)")
  (net 30 "Net-(U1-Pad27)")
  (net 31 "Net-(U1-Pad28)")
  (net 32 "Net-(U1-Pad29)")
  (net 33 "Net-(U1-Pad30)")
  (net 34 "Net-(U1-Pad31)")
  (net 35 "Net-(U1-Pad32)")
  (net 36 "Net-(U1-Pad36)")
  (net 37 "Net-(U1-Pad37)")
  (net 38 "Net-(U1-Pad42)")
  (net 39 GND)
  (net 40 "Net-(R2-Pad1)")
  (net 41 "Net-(C8-Pad1)")
  (net 42 "Net-(R1-Pad2)")

  (net_class Default "This is the default net class."
    (clearance 0.2)
    (trace_width 0.25)
    (via_dia 0.8)
    (via_drill 0.4)
    (uvia_dia 0.3)
    (uvia_drill 0.1)
    (add_net /col0)
    (add_net /col1)
    (add_net /row0)
    (add_net /row1)
    (add_net GND)
    (add_net "Net-(C1-Pad1)")
    (add_net "Net-(C2-Pad1)")
    (add_net "Net-(C8-Pad1)")
    (add_net "Net-(D1-Pad2)")
    (add_net "Net-(D2-Pad2)")
    (add_net "Net-(D3-Pad2)")
    (add_net "Net-(D4-Pad2)")
    (add_net "Net-(J1-Pad2)")
    (add_net "Net-(J1-Pad3)")
    (add_net "Net-(J1-Pad4)")
    (add_net "Net-(R1-Pad2)")
    (add_net "Net-(R2-Pad1)")
    (add_net "Net-(R3-Pad1)")
    (add_net "Net-(R4-Pad1)")
    (add_net "Net-(U1-Pad1)")
    (add_net "Net-(U1-Pad10)")
    (add_net "Net-(U1-Pad11)")
    (add_net "Net-(U1-Pad12)")
    (add_net "Net-(U1-Pad18)")
    (add_net "Net-(U1-Pad19)")
    (add_net "Net-(U1-Pad20)")
    (add_net "Net-(U1-Pad21)")
    (add_net "Net-(U1-Pad22)")
    (add_net "Net-(U1-Pad25)")
    (add_net "Net-(U1-Pad26)")
    (add_net "Net-(U1-Pad27)")
    (add_net "Net-(U1-Pad28)")
    (add_net "Net-(U1-Pad29)")
    (add_net "Net-(U1-Pad30)")
    (add_net "Net-(U1-Pad31)")
    (add_net "Net-(U1-Pad32)")
    (add_net "Net-(U1-Pad36)")
    (add_net "Net-(U1-Pad37)")
    (add_net "Net-(U1-Pad42)")
    (add_net "Net-(U1-Pad8)")
    (add_net "Net-(U1-Pad9)")
    (add_net VCC)
  )

  (module footprints:Kailh-PG1350-1u-reversible_NO_LED (layer F.Cu) (tedit 5BB90878) (tstamp 5C8E7F30)
    (at 122.730201 97.631332)
    (path /5C7DEA4E)
    (fp_text reference K4 (at 0 -7.14375 180) (layer Dwgs.User)
      (effects (font (size 1.27 1.524) (thickness 0.2032)))
    )
    (fp_text value KEYSW (at 0 -5.08 180) (layer F.SilkS) hide
      (effects (font (size 1.27 1.524) (thickness 0.2032)))
    )
    (fp_line (start 7.5 -7.5) (end 7.5 7.5) (layer Eco2.User) (width 0.1524))
    (fp_line (start -7.5 -7.5) (end 7.5 -7.5) (layer Eco2.User) (width 0.1524))
    (fp_line (start -7.5 7.5) (end -7.5 -7.5) (layer Eco2.User) (width 0.1524))
    (fp_line (start 7.5 7.5) (end -7.5 7.5) (layer Eco2.User) (width 0.1524))
    (fp_line (start 9 -8.5) (end 9 8.5) (layer Dwgs.User) (width 0.1524))
    (fp_line (start -9 -8.5) (end 9 -8.5) (layer Dwgs.User) (width 0.1524))
    (fp_line (start -9 8.5) (end -9 -8.5) (layer Dwgs.User) (width 0.1524))
    (fp_line (start 9 8.5) (end -9 8.5) (layer Dwgs.User) (width 0.1524))
    (fp_line (start 6.9 -6.9) (end 6.9 6.9) (layer Cmts.User) (width 0.1524))
    (fp_line (start -6.9 -6.9) (end 6.9 -6.9) (layer Cmts.User) (width 0.1524))
    (fp_line (start -6.9 6.9) (end -6.9 -6.9) (layer Cmts.User) (width 0.1524))
    (fp_line (start 6.9 6.9) (end -6.9 6.9) (layer Cmts.User) (width 0.1524))
    (pad "" np_thru_hole circle (at 5.5 0 180) (size 1.7 1.7) (drill 1.7) (layers *.Cu))
    (pad "" np_thru_hole circle (at -5.5 0 180) (size 1.7 1.7) (drill 1.7) (layers *.Cu))
    (pad 2 thru_hole circle (at -5 3.8 41.9) (size 2 2) (drill 1.2) (layers *.Cu *.Mask)
      (net 9 "Net-(D4-Pad2)"))
    (pad 1 thru_hole circle (at 0 5.9 180) (size 2 2) (drill 1.2) (layers *.Cu *.Mask)
      (net 14 /col1))
    (pad "" np_thru_hole circle (at 0 0 180) (size 3.4 3.4) (drill 3.4) (layers *.Cu))
    (pad 2 thru_hole circle (at 5 3.8 41.9) (size 2 2) (drill 1.2) (layers *.Cu *.Mask)
      (net 9 "Net-(D4-Pad2)"))
    (model /Users/danny/Documents/proj/custom-keyboard/kicad-libs/3d_models/mx-switch.wrl
      (offset (xyz 7.4675998878479 7.4675998878479 5.943599910736085))
      (scale (xyz 0.4 0.4 0.4))
      (rotate (xyz 270 0 180))
    )
    (model /Users/danny/Documents/proj/custom-keyboard/kicad-libs/3d_models/SA-R3-1u.wrl
      (offset (xyz 0 0 11.93799982070923))
      (scale (xyz 0.394 0.394 0.394))
      (rotate (xyz 270 0 0))
    )
  )

  (module footprints:Kailh-PG1350-1u-reversible_NO_LED (layer F.Cu) (tedit 5BB90878) (tstamp 5C8EB6F3)
    (at 122.634478 79.771942)
    (path /5C7DEA0C)
    (fp_text reference K3 (at 0 -7.14375 180) (layer Dwgs.User)
      (effects (font (size 1.27 1.524) (thickness 0.2032)))
    )
    (fp_text value KEYSW (at 0 -5.08 180) (layer F.SilkS) hide
      (effects (font (size 1.27 1.524) (thickness 0.2032)))
    )
    (fp_line (start 6.9 6.9) (end -6.9 6.9) (layer Cmts.User) (width 0.1524))
    (fp_line (start -6.9 6.9) (end -6.9 -6.9) (layer Cmts.User) (width 0.1524))
    (fp_line (start -6.9 -6.9) (end 6.9 -6.9) (layer Cmts.User) (width 0.1524))
    (fp_line (start 6.9 -6.9) (end 6.9 6.9) (layer Cmts.User) (width 0.1524))
    (fp_line (start 9 8.5) (end -9 8.5) (layer Dwgs.User) (width 0.1524))
    (fp_line (start -9 8.5) (end -9 -8.5) (layer Dwgs.User) (width 0.1524))
    (fp_line (start -9 -8.5) (end 9 -8.5) (layer Dwgs.User) (width 0.1524))
    (fp_line (start 9 -8.5) (end 9 8.5) (layer Dwgs.User) (width 0.1524))
    (fp_line (start 7.5 7.5) (end -7.5 7.5) (layer Eco2.User) (width 0.1524))
    (fp_line (start -7.5 7.5) (end -7.5 -7.5) (layer Eco2.User) (width 0.1524))
    (fp_line (start -7.5 -7.5) (end 7.5 -7.5) (layer Eco2.User) (width 0.1524))
    (fp_line (start 7.5 -7.5) (end 7.5 7.5) (layer Eco2.User) (width 0.1524))
    (pad 2 thru_hole circle (at 5 3.8 41.9) (size 2 2) (drill 1.2) (layers *.Cu *.Mask)
      (net 8 "Net-(D3-Pad2)"))
    (pad "" np_thru_hole circle (at 0 0 180) (size 3.4 3.4) (drill 3.4) (layers *.Cu))
    (pad 1 thru_hole circle (at 0 5.9 180) (size 2 2) (drill 1.2) (layers *.Cu *.Mask)
      (net 14 /col1))
    (pad 2 thru_hole circle (at -5 3.8 41.9) (size 2 2) (drill 1.2) (layers *.Cu *.Mask)
      (net 8 "Net-(D3-Pad2)"))
    (pad "" np_thru_hole circle (at -5.5 0 180) (size 1.7 1.7) (drill 1.7) (layers *.Cu))
    (pad "" np_thru_hole circle (at 5.5 0 180) (size 1.7 1.7) (drill 1.7) (layers *.Cu))
    (model /Users/danny/Documents/proj/custom-keyboard/kicad-libs/3d_models/mx-switch.wrl
      (offset (xyz 7.4675998878479 7.4675998878479 5.943599910736085))
      (scale (xyz 0.4 0.4 0.4))
      (rotate (xyz 270 0 180))
    )
    (model /Users/danny/Documents/proj/custom-keyboard/kicad-libs/3d_models/SA-R3-1u.wrl
      (offset (xyz 0 0 11.93799982070923))
      (scale (xyz 0.394 0.394 0.394))
      (rotate (xyz 270 0 0))
    )
  )

  (module footprints:Kailh-PG1350-1u-reversible_NO_LED (layer F.Cu) (tedit 5BB90878) (tstamp 5C8E7F06)
    (at 103.584462 97.631332)
    (path /5C7DE938)
    (fp_text reference K2 (at 0 -7.14375 180) (layer Dwgs.User)
      (effects (font (size 1.27 1.524) (thickness 0.2032)))
    )
    (fp_text value KEYSW (at 0 -5.08 180) (layer F.SilkS) hide
      (effects (font (size 1.27 1.524) (thickness 0.2032)))
    )
    (fp_line (start 7.5 -7.5) (end 7.5 7.5) (layer Eco2.User) (width 0.1524))
    (fp_line (start -7.5 -7.5) (end 7.5 -7.5) (layer Eco2.User) (width 0.1524))
    (fp_line (start -7.5 7.5) (end -7.5 -7.5) (layer Eco2.User) (width 0.1524))
    (fp_line (start 7.5 7.5) (end -7.5 7.5) (layer Eco2.User) (width 0.1524))
    (fp_line (start 9 -8.5) (end 9 8.5) (layer Dwgs.User) (width 0.1524))
    (fp_line (start -9 -8.5) (end 9 -8.5) (layer Dwgs.User) (width 0.1524))
    (fp_line (start -9 8.5) (end -9 -8.5) (layer Dwgs.User) (width 0.1524))
    (fp_line (start 9 8.5) (end -9 8.5) (layer Dwgs.User) (width 0.1524))
    (fp_line (start 6.9 -6.9) (end 6.9 6.9) (layer Cmts.User) (width 0.1524))
    (fp_line (start -6.9 -6.9) (end 6.9 -6.9) (layer Cmts.User) (width 0.1524))
    (fp_line (start -6.9 6.9) (end -6.9 -6.9) (layer Cmts.User) (width 0.1524))
    (fp_line (start 6.9 6.9) (end -6.9 6.9) (layer Cmts.User) (width 0.1524))
    (pad "" np_thru_hole circle (at 5.5 0 180) (size 1.7 1.7) (drill 1.7) (layers *.Cu))
    (pad "" np_thru_hole circle (at -5.5 0 180) (size 1.7 1.7) (drill 1.7) (layers *.Cu))
    (pad 2 thru_hole circle (at -5 3.8 41.9) (size 2 2) (drill 1.2) (layers *.Cu *.Mask)
      (net 6 "Net-(D2-Pad2)"))
    (pad 1 thru_hole circle (at 0 5.9 180) (size 2 2) (drill 1.2) (layers *.Cu *.Mask)
      (net 13 /col0))
    (pad "" np_thru_hole circle (at 0 0 180) (size 3.4 3.4) (drill 3.4) (layers *.Cu))
    (pad 2 thru_hole circle (at 5 3.8 41.9) (size 2 2) (drill 1.2) (layers *.Cu *.Mask)
      (net 6 "Net-(D2-Pad2)"))
    (model /Users/danny/Documents/proj/custom-keyboard/kicad-libs/3d_models/mx-switch.wrl
      (offset (xyz 7.4675998878479 7.4675998878479 5.943599910736085))
      (scale (xyz 0.4 0.4 0.4))
      (rotate (xyz 270 0 180))
    )
    (model /Users/danny/Documents/proj/custom-keyboard/kicad-libs/3d_models/SA-R3-1u.wrl
      (offset (xyz 0 0 11.93799982070923))
      (scale (xyz 0.394 0.394 0.394))
      (rotate (xyz 270 0 0))
    )
  )

  (module footprints:Kailh-PG1350-1u-reversible_NO_LED (layer F.Cu) (tedit 5BB90878) (tstamp 5C8E7EF1)
    (at 103.584462 79.771942)
    (path /5C803D6D)
    (fp_text reference K1 (at 0 -7.14375 180) (layer Dwgs.User)
      (effects (font (size 1.27 1.524) (thickness 0.2032)))
    )
    (fp_text value KEYSW (at 0 -5.08 180) (layer F.SilkS) hide
      (effects (font (size 1.27 1.524) (thickness 0.2032)))
    )
    (fp_line (start 6.9 6.9) (end -6.9 6.9) (layer Cmts.User) (width 0.1524))
    (fp_line (start -6.9 6.9) (end -6.9 -6.9) (layer Cmts.User) (width 0.1524))
    (fp_line (start -6.9 -6.9) (end 6.9 -6.9) (layer Cmts.User) (width 0.1524))
    (fp_line (start 6.9 -6.9) (end 6.9 6.9) (layer Cmts.User) (width 0.1524))
    (fp_line (start 9 8.5) (end -9 8.5) (layer Dwgs.User) (width 0.1524))
    (fp_line (start -9 8.5) (end -9 -8.5) (layer Dwgs.User) (width 0.1524))
    (fp_line (start -9 -8.5) (end 9 -8.5) (layer Dwgs.User) (width 0.1524))
    (fp_line (start 9 -8.5) (end 9 8.5) (layer Dwgs.User) (width 0.1524))
    (fp_line (start 7.5 7.5) (end -7.5 7.5) (layer Eco2.User) (width 0.1524))
    (fp_line (start -7.5 7.5) (end -7.5 -7.5) (layer Eco2.User) (width 0.1524))
    (fp_line (start -7.5 -7.5) (end 7.5 -7.5) (layer Eco2.User) (width 0.1524))
    (fp_line (start 7.5 -7.5) (end 7.5 7.5) (layer Eco2.User) (width 0.1524))
    (pad 2 thru_hole circle (at 5 3.8 41.9) (size 2 2) (drill 1.2) (layers *.Cu *.Mask)
      (net 4 "Net-(D1-Pad2)"))
    (pad "" np_thru_hole circle (at 0 0 180) (size 3.4 3.4) (drill 3.4) (layers *.Cu))
    (pad 1 thru_hole circle (at 0 5.9 180) (size 2 2) (drill 1.2) (layers *.Cu *.Mask)
      (net 13 /col0))
    (pad 2 thru_hole circle (at -5 3.8 41.9) (size 2 2) (drill 1.2) (layers *.Cu *.Mask)
      (net 4 "Net-(D1-Pad2)"))
    (pad "" np_thru_hole circle (at -5.5 0 180) (size 1.7 1.7) (drill 1.7) (layers *.Cu))
    (pad "" np_thru_hole circle (at 5.5 0 180) (size 1.7 1.7) (drill 1.7) (layers *.Cu))
    (model /Users/danny/Documents/proj/custom-keyboard/kicad-libs/3d_models/mx-switch.wrl
      (offset (xyz 7.4675998878479 7.4675998878479 5.943599910736085))
      (scale (xyz 0.4 0.4 0.4))
      (rotate (xyz 270 0 180))
    )
    (model /Users/danny/Documents/proj/custom-keyboard/kicad-libs/3d_models/SA-R3-1u.wrl
      (offset (xyz 0 0 11.93799982070923))
      (scale (xyz 0.394 0.394 0.394))
      (rotate (xyz 270 0 0))
    )
  )

  (module Capacitor_SMD:C_0805_2012Metric_Pad1.15x1.40mm_HandSolder (layer B.Cu) (tedit 5B36C52B) (tstamp 5C81A0E8)
    (at 140.493756 79.342186 90)
    (descr "Capacitor SMD 0805 (2012 Metric), square (rectangular) end terminal, IPC_7351 nominal with elongated pad for handsoldering. (Body size source: https://docs.google.com/spreadsheets/d/1BsfQQcO9C6DZCsRaXUlFlo91Tg2WpOkGARC1WS5S8t0/edit?usp=sharing), generated with kicad-footprint-generator")
    (tags "capacitor handsolder")
    (path /5C80B7DD)
    (attr smd)
    (fp_text reference C1 (at 0 1.65 90) (layer B.SilkS)
      (effects (font (size 1 1) (thickness 0.15)) (justify mirror))
    )
    (fp_text value 22p (at 0 -1.65 90) (layer B.Fab)
      (effects (font (size 1 1) (thickness 0.15)) (justify mirror))
    )
    (fp_text user %R (at 0 0 90) (layer B.Fab)
      (effects (font (size 0.5 0.5) (thickness 0.08)) (justify mirror))
    )
    (fp_line (start 1.85 -0.95) (end -1.85 -0.95) (layer B.CrtYd) (width 0.05))
    (fp_line (start 1.85 0.95) (end 1.85 -0.95) (layer B.CrtYd) (width 0.05))
    (fp_line (start -1.85 0.95) (end 1.85 0.95) (layer B.CrtYd) (width 0.05))
    (fp_line (start -1.85 -0.95) (end -1.85 0.95) (layer B.CrtYd) (width 0.05))
    (fp_line (start -0.261252 -0.71) (end 0.261252 -0.71) (layer B.SilkS) (width 0.12))
    (fp_line (start -0.261252 0.71) (end 0.261252 0.71) (layer B.SilkS) (width 0.12))
    (fp_line (start 1 -0.6) (end -1 -0.6) (layer B.Fab) (width 0.1))
    (fp_line (start 1 0.6) (end 1 -0.6) (layer B.Fab) (width 0.1))
    (fp_line (start -1 0.6) (end 1 0.6) (layer B.Fab) (width 0.1))
    (fp_line (start -1 -0.6) (end -1 0.6) (layer B.Fab) (width 0.1))
    (pad 2 smd roundrect (at 1.025 0 90) (size 1.15 1.4) (layers B.Cu B.Paste B.Mask) (roundrect_rratio 0.217391)
      (net 39 GND))
    (pad 1 smd roundrect (at -1.025 0 90) (size 1.15 1.4) (layers B.Cu B.Paste B.Mask) (roundrect_rratio 0.217391)
      (net 1 "Net-(C1-Pad1)"))
    (model ${KISYS3DMOD}/Capacitor_SMD.3dshapes/C_0805_2012Metric.wrl
      (at (xyz 0 0 0))
      (scale (xyz 1 1 1))
      (rotate (xyz 0 0 0))
    )
  )

  (module Capacitor_SMD:C_0805_2012Metric_Pad1.15x1.40mm_HandSolder (layer B.Cu) (tedit 5B36C52B) (tstamp 5C81A0F9)
    (at 150.614201 79.342186 90)
    (descr "Capacitor SMD 0805 (2012 Metric), square (rectangular) end terminal, IPC_7351 nominal with elongated pad for handsoldering. (Body size source: https://docs.google.com/spreadsheets/d/1BsfQQcO9C6DZCsRaXUlFlo91Tg2WpOkGARC1WS5S8t0/edit?usp=sharing), generated with kicad-footprint-generator")
    (tags "capacitor handsolder")
    (path /5C80B99B)
    (attr smd)
    (fp_text reference C2 (at 0 1.65 90) (layer B.SilkS)
      (effects (font (size 1 1) (thickness 0.15)) (justify mirror))
    )
    (fp_text value 22p (at 0 -1.65 90) (layer B.Fab)
      (effects (font (size 1 1) (thickness 0.15)) (justify mirror))
    )
    (fp_line (start -1 -0.6) (end -1 0.6) (layer B.Fab) (width 0.1))
    (fp_line (start -1 0.6) (end 1 0.6) (layer B.Fab) (width 0.1))
    (fp_line (start 1 0.6) (end 1 -0.6) (layer B.Fab) (width 0.1))
    (fp_line (start 1 -0.6) (end -1 -0.6) (layer B.Fab) (width 0.1))
    (fp_line (start -0.261252 0.71) (end 0.261252 0.71) (layer B.SilkS) (width 0.12))
    (fp_line (start -0.261252 -0.71) (end 0.261252 -0.71) (layer B.SilkS) (width 0.12))
    (fp_line (start -1.85 -0.95) (end -1.85 0.95) (layer B.CrtYd) (width 0.05))
    (fp_line (start -1.85 0.95) (end 1.85 0.95) (layer B.CrtYd) (width 0.05))
    (fp_line (start 1.85 0.95) (end 1.85 -0.95) (layer B.CrtYd) (width 0.05))
    (fp_line (start 1.85 -0.95) (end -1.85 -0.95) (layer B.CrtYd) (width 0.05))
    (fp_text user %R (at 0 0 90) (layer B.Fab)
      (effects (font (size 0.5 0.5) (thickness 0.08)) (justify mirror))
    )
    (pad 1 smd roundrect (at -1.025 0 90) (size 1.15 1.4) (layers B.Cu B.Paste B.Mask) (roundrect_rratio 0.217391)
      (net 2 "Net-(C2-Pad1)"))
    (pad 2 smd roundrect (at 1.025 0 90) (size 1.15 1.4) (layers B.Cu B.Paste B.Mask) (roundrect_rratio 0.217391)
      (net 39 GND))
    (model ${KISYS3DMOD}/Capacitor_SMD.3dshapes/C_0805_2012Metric.wrl
      (at (xyz 0 0 0))
      (scale (xyz 1 1 1))
      (rotate (xyz 0 0 0))
    )
  )

  (module Capacitor_SMD:C_0805_2012Metric_Pad1.15x1.40mm_HandSolder (layer B.Cu) (tedit 5B36C52B) (tstamp 5C81A10A)
    (at 154.781256 94.654686 270)
    (descr "Capacitor SMD 0805 (2012 Metric), square (rectangular) end terminal, IPC_7351 nominal with elongated pad for handsoldering. (Body size source: https://docs.google.com/spreadsheets/d/1BsfQQcO9C6DZCsRaXUlFlo91Tg2WpOkGARC1WS5S8t0/edit?usp=sharing), generated with kicad-footprint-generator")
    (tags "capacitor handsolder")
    (path /5C7DDD8B)
    (attr smd)
    (fp_text reference C3 (at 0 1.65 270) (layer B.SilkS)
      (effects (font (size 1 1) (thickness 0.15)) (justify mirror))
    )
    (fp_text value 0.1u (at 0 -1.65 270) (layer B.Fab)
      (effects (font (size 1 1) (thickness 0.15)) (justify mirror))
    )
    (fp_line (start -1 -0.6) (end -1 0.6) (layer B.Fab) (width 0.1))
    (fp_line (start -1 0.6) (end 1 0.6) (layer B.Fab) (width 0.1))
    (fp_line (start 1 0.6) (end 1 -0.6) (layer B.Fab) (width 0.1))
    (fp_line (start 1 -0.6) (end -1 -0.6) (layer B.Fab) (width 0.1))
    (fp_line (start -0.261252 0.71) (end 0.261252 0.71) (layer B.SilkS) (width 0.12))
    (fp_line (start -0.261252 -0.71) (end 0.261252 -0.71) (layer B.SilkS) (width 0.12))
    (fp_line (start -1.85 -0.95) (end -1.85 0.95) (layer B.CrtYd) (width 0.05))
    (fp_line (start -1.85 0.95) (end 1.85 0.95) (layer B.CrtYd) (width 0.05))
    (fp_line (start 1.85 0.95) (end 1.85 -0.95) (layer B.CrtYd) (width 0.05))
    (fp_line (start 1.85 -0.95) (end -1.85 -0.95) (layer B.CrtYd) (width 0.05))
    (fp_text user %R (at 0 0 270) (layer B.Fab)
      (effects (font (size 0.5 0.5) (thickness 0.08)) (justify mirror))
    )
    (pad 1 smd roundrect (at -1.025 0 270) (size 1.15 1.4) (layers B.Cu B.Paste B.Mask) (roundrect_rratio 0.217391)
      (net 3 VCC))
    (pad 2 smd roundrect (at 1.025 0 270) (size 1.15 1.4) (layers B.Cu B.Paste B.Mask) (roundrect_rratio 0.217391)
      (net 39 GND))
    (model ${KISYS3DMOD}/Capacitor_SMD.3dshapes/C_0805_2012Metric.wrl
      (at (xyz 0 0 0))
      (scale (xyz 1 1 1))
      (rotate (xyz 0 0 0))
    )
  )

  (module Capacitor_SMD:C_0805_2012Metric_Pad1.15x1.40mm_HandSolder (layer B.Cu) (tedit 5B36C52B) (tstamp 5C81A11B)
    (at 154.781256 85.295382 90)
    (descr "Capacitor SMD 0805 (2012 Metric), square (rectangular) end terminal, IPC_7351 nominal with elongated pad for handsoldering. (Body size source: https://docs.google.com/spreadsheets/d/1BsfQQcO9C6DZCsRaXUlFlo91Tg2WpOkGARC1WS5S8t0/edit?usp=sharing), generated with kicad-footprint-generator")
    (tags "capacitor handsolder")
    (path /5C7DDDB0)
    (attr smd)
    (fp_text reference C4 (at 0 1.65 90) (layer B.SilkS)
      (effects (font (size 1 1) (thickness 0.15)) (justify mirror))
    )
    (fp_text value 0.1u (at 0 -1.65 90) (layer B.Fab)
      (effects (font (size 1 1) (thickness 0.15)) (justify mirror))
    )
    (fp_text user %R (at 0 0 90) (layer B.Fab)
      (effects (font (size 0.5 0.5) (thickness 0.08)) (justify mirror))
    )
    (fp_line (start 1.85 -0.95) (end -1.85 -0.95) (layer B.CrtYd) (width 0.05))
    (fp_line (start 1.85 0.95) (end 1.85 -0.95) (layer B.CrtYd) (width 0.05))
    (fp_line (start -1.85 0.95) (end 1.85 0.95) (layer B.CrtYd) (width 0.05))
    (fp_line (start -1.85 -0.95) (end -1.85 0.95) (layer B.CrtYd) (width 0.05))
    (fp_line (start -0.261252 -0.71) (end 0.261252 -0.71) (layer B.SilkS) (width 0.12))
    (fp_line (start -0.261252 0.71) (end 0.261252 0.71) (layer B.SilkS) (width 0.12))
    (fp_line (start 1 -0.6) (end -1 -0.6) (layer B.Fab) (width 0.1))
    (fp_line (start 1 0.6) (end 1 -0.6) (layer B.Fab) (width 0.1))
    (fp_line (start -1 0.6) (end 1 0.6) (layer B.Fab) (width 0.1))
    (fp_line (start -1 -0.6) (end -1 0.6) (layer B.Fab) (width 0.1))
    (pad 2 smd roundrect (at 1.025 0 90) (size 1.15 1.4) (layers B.Cu B.Paste B.Mask) (roundrect_rratio 0.217391)
      (net 39 GND))
    (pad 1 smd roundrect (at -1.025 0 90) (size 1.15 1.4) (layers B.Cu B.Paste B.Mask) (roundrect_rratio 0.217391)
      (net 3 VCC))
    (model ${KISYS3DMOD}/Capacitor_SMD.3dshapes/C_0805_2012Metric.wrl
      (at (xyz 0 0 0))
      (scale (xyz 1 1 1))
      (rotate (xyz 0 0 0))
    )
  )

  (module Capacitor_SMD:C_0805_2012Metric_Pad1.15x1.40mm_HandSolder (layer B.Cu) (tedit 5B36C52B) (tstamp 5C81A12C)
    (at 135.731256 84.700069 90)
    (descr "Capacitor SMD 0805 (2012 Metric), square (rectangular) end terminal, IPC_7351 nominal with elongated pad for handsoldering. (Body size source: https://docs.google.com/spreadsheets/d/1BsfQQcO9C6DZCsRaXUlFlo91Tg2WpOkGARC1WS5S8t0/edit?usp=sharing), generated with kicad-footprint-generator")
    (tags "capacitor handsolder")
    (path /5C7DE37F)
    (attr smd)
    (fp_text reference C5 (at 0 1.65 90) (layer B.SilkS)
      (effects (font (size 1 1) (thickness 0.15)) (justify mirror))
    )
    (fp_text value 0.1u (at 0 -1.65 90) (layer B.Fab)
      (effects (font (size 1 1) (thickness 0.15)) (justify mirror))
    )
    (fp_line (start -1 -0.6) (end -1 0.6) (layer B.Fab) (width 0.1))
    (fp_line (start -1 0.6) (end 1 0.6) (layer B.Fab) (width 0.1))
    (fp_line (start 1 0.6) (end 1 -0.6) (layer B.Fab) (width 0.1))
    (fp_line (start 1 -0.6) (end -1 -0.6) (layer B.Fab) (width 0.1))
    (fp_line (start -0.261252 0.71) (end 0.261252 0.71) (layer B.SilkS) (width 0.12))
    (fp_line (start -0.261252 -0.71) (end 0.261252 -0.71) (layer B.SilkS) (width 0.12))
    (fp_line (start -1.85 -0.95) (end -1.85 0.95) (layer B.CrtYd) (width 0.05))
    (fp_line (start -1.85 0.95) (end 1.85 0.95) (layer B.CrtYd) (width 0.05))
    (fp_line (start 1.85 0.95) (end 1.85 -0.95) (layer B.CrtYd) (width 0.05))
    (fp_line (start 1.85 -0.95) (end -1.85 -0.95) (layer B.CrtYd) (width 0.05))
    (fp_text user %R (at 0 0 90) (layer B.Fab)
      (effects (font (size 0.5 0.5) (thickness 0.08)) (justify mirror))
    )
    (pad 1 smd roundrect (at -1.025 0 90) (size 1.15 1.4) (layers B.Cu B.Paste B.Mask) (roundrect_rratio 0.217391)
      (net 3 VCC))
    (pad 2 smd roundrect (at 1.025 0 90) (size 1.15 1.4) (layers B.Cu B.Paste B.Mask) (roundrect_rratio 0.217391)
      (net 39 GND))
    (model ${KISYS3DMOD}/Capacitor_SMD.3dshapes/C_0805_2012Metric.wrl
      (at (xyz 0 0 0))
      (scale (xyz 1 1 1))
      (rotate (xyz 0 0 0))
    )
  )

  (module Capacitor_SMD:C_0805_2012Metric_Pad1.15x1.40mm_HandSolder (layer B.Cu) (tedit 5B36C52B) (tstamp 5C81A13D)
    (at 135.731256 79.342186 90)
    (descr "Capacitor SMD 0805 (2012 Metric), square (rectangular) end terminal, IPC_7351 nominal with elongated pad for handsoldering. (Body size source: https://docs.google.com/spreadsheets/d/1BsfQQcO9C6DZCsRaXUlFlo91Tg2WpOkGARC1WS5S8t0/edit?usp=sharing), generated with kicad-footprint-generator")
    (tags "capacitor handsolder")
    (path /5C7DE3C3)
    (attr smd)
    (fp_text reference C6 (at 0 1.65 90) (layer B.SilkS)
      (effects (font (size 1 1) (thickness 0.15)) (justify mirror))
    )
    (fp_text value 0.1u (at 0 -1.65 90) (layer B.Fab)
      (effects (font (size 1 1) (thickness 0.15)) (justify mirror))
    )
    (fp_text user %R (at 0 0 90) (layer B.Fab)
      (effects (font (size 0.5 0.5) (thickness 0.08)) (justify mirror))
    )
    (fp_line (start 1.85 -0.95) (end -1.85 -0.95) (layer B.CrtYd) (width 0.05))
    (fp_line (start 1.85 0.95) (end 1.85 -0.95) (layer B.CrtYd) (width 0.05))
    (fp_line (start -1.85 0.95) (end 1.85 0.95) (layer B.CrtYd) (width 0.05))
    (fp_line (start -1.85 -0.95) (end -1.85 0.95) (layer B.CrtYd) (width 0.05))
    (fp_line (start -0.261252 -0.71) (end 0.261252 -0.71) (layer B.SilkS) (width 0.12))
    (fp_line (start -0.261252 0.71) (end 0.261252 0.71) (layer B.SilkS) (width 0.12))
    (fp_line (start 1 -0.6) (end -1 -0.6) (layer B.Fab) (width 0.1))
    (fp_line (start 1 0.6) (end 1 -0.6) (layer B.Fab) (width 0.1))
    (fp_line (start -1 0.6) (end 1 0.6) (layer B.Fab) (width 0.1))
    (fp_line (start -1 -0.6) (end -1 0.6) (layer B.Fab) (width 0.1))
    (pad 2 smd roundrect (at 1.025 0 90) (size 1.15 1.4) (layers B.Cu B.Paste B.Mask) (roundrect_rratio 0.217391)
      (net 39 GND))
    (pad 1 smd roundrect (at -1.025 0 90) (size 1.15 1.4) (layers B.Cu B.Paste B.Mask) (roundrect_rratio 0.217391)
      (net 3 VCC))
    (model ${KISYS3DMOD}/Capacitor_SMD.3dshapes/C_0805_2012Metric.wrl
      (at (xyz 0 0 0))
      (scale (xyz 1 1 1))
      (rotate (xyz 0 0 0))
    )
  )

  (module Capacitor_SMD:C_0805_2012Metric_Pad1.15x1.40mm_HandSolder (layer B.Cu) (tedit 5B36C52B) (tstamp 5C81A14E)
    (at 135.731376 94.489138 90)
    (descr "Capacitor SMD 0805 (2012 Metric), square (rectangular) end terminal, IPC_7351 nominal with elongated pad for handsoldering. (Body size source: https://docs.google.com/spreadsheets/d/1BsfQQcO9C6DZCsRaXUlFlo91Tg2WpOkGARC1WS5S8t0/edit?usp=sharing), generated with kicad-footprint-generator")
    (tags "capacitor handsolder")
    (path /5C7DE47D)
    (attr smd)
    (fp_text reference C7 (at 0 1.65 90) (layer B.SilkS)
      (effects (font (size 1 1) (thickness 0.15)) (justify mirror))
    )
    (fp_text value 4.7u (at 0 -1.65 90) (layer B.Fab)
      (effects (font (size 1 1) (thickness 0.15)) (justify mirror))
    )
    (fp_line (start -1 -0.6) (end -1 0.6) (layer B.Fab) (width 0.1))
    (fp_line (start -1 0.6) (end 1 0.6) (layer B.Fab) (width 0.1))
    (fp_line (start 1 0.6) (end 1 -0.6) (layer B.Fab) (width 0.1))
    (fp_line (start 1 -0.6) (end -1 -0.6) (layer B.Fab) (width 0.1))
    (fp_line (start -0.261252 0.71) (end 0.261252 0.71) (layer B.SilkS) (width 0.12))
    (fp_line (start -0.261252 -0.71) (end 0.261252 -0.71) (layer B.SilkS) (width 0.12))
    (fp_line (start -1.85 -0.95) (end -1.85 0.95) (layer B.CrtYd) (width 0.05))
    (fp_line (start -1.85 0.95) (end 1.85 0.95) (layer B.CrtYd) (width 0.05))
    (fp_line (start 1.85 0.95) (end 1.85 -0.95) (layer B.CrtYd) (width 0.05))
    (fp_line (start 1.85 -0.95) (end -1.85 -0.95) (layer B.CrtYd) (width 0.05))
    (fp_text user %R (at 0 0 90) (layer B.Fab)
      (effects (font (size 0.5 0.5) (thickness 0.08)) (justify mirror))
    )
    (pad 1 smd roundrect (at -1.025 0 90) (size 1.15 1.4) (layers B.Cu B.Paste B.Mask) (roundrect_rratio 0.217391)
      (net 3 VCC))
    (pad 2 smd roundrect (at 1.025 0 90) (size 1.15 1.4) (layers B.Cu B.Paste B.Mask) (roundrect_rratio 0.217391)
      (net 39 GND))
    (model ${KISYS3DMOD}/Capacitor_SMD.3dshapes/C_0805_2012Metric.wrl
      (at (xyz 0 0 0))
      (scale (xyz 1 1 1))
      (rotate (xyz 0 0 0))
    )
  )

  (module Capacitor_SMD:C_0805_2012Metric_Pad1.15x1.40mm_HandSolder (layer B.Cu) (tedit 5B36C52B) (tstamp 5C81A15F)
    (at 136 89.462573 270)
    (descr "Capacitor SMD 0805 (2012 Metric), square (rectangular) end terminal, IPC_7351 nominal with elongated pad for handsoldering. (Body size source: https://docs.google.com/spreadsheets/d/1BsfQQcO9C6DZCsRaXUlFlo91Tg2WpOkGARC1WS5S8t0/edit?usp=sharing), generated with kicad-footprint-generator")
    (tags "capacitor handsolder")
    (path /5C7E659B)
    (attr smd)
    (fp_text reference C8 (at 0 1.65 270) (layer B.SilkS)
      (effects (font (size 1 1) (thickness 0.15)) (justify mirror))
    )
    (fp_text value 1u (at 0 -1.65 270) (layer B.Fab)
      (effects (font (size 1 1) (thickness 0.15)) (justify mirror))
    )
    (fp_text user %R (at 0 0 270) (layer B.Fab)
      (effects (font (size 0.5 0.5) (thickness 0.08)) (justify mirror))
    )
    (fp_line (start 1.85 -0.95) (end -1.85 -0.95) (layer B.CrtYd) (width 0.05))
    (fp_line (start 1.85 0.95) (end 1.85 -0.95) (layer B.CrtYd) (width 0.05))
    (fp_line (start -1.85 0.95) (end 1.85 0.95) (layer B.CrtYd) (width 0.05))
    (fp_line (start -1.85 -0.95) (end -1.85 0.95) (layer B.CrtYd) (width 0.05))
    (fp_line (start -0.261252 -0.71) (end 0.261252 -0.71) (layer B.SilkS) (width 0.12))
    (fp_line (start -0.261252 0.71) (end 0.261252 0.71) (layer B.SilkS) (width 0.12))
    (fp_line (start 1 -0.6) (end -1 -0.6) (layer B.Fab) (width 0.1))
    (fp_line (start 1 0.6) (end 1 -0.6) (layer B.Fab) (width 0.1))
    (fp_line (start -1 0.6) (end 1 0.6) (layer B.Fab) (width 0.1))
    (fp_line (start -1 -0.6) (end -1 0.6) (layer B.Fab) (width 0.1))
    (pad 2 smd roundrect (at 1.025 0 270) (size 1.15 1.4) (layers B.Cu B.Paste B.Mask) (roundrect_rratio 0.217391)
      (net 39 GND))
    (pad 1 smd roundrect (at -1.025 0 270) (size 1.15 1.4) (layers B.Cu B.Paste B.Mask) (roundrect_rratio 0.217391)
      (net 41 "Net-(C8-Pad1)"))
    (model ${KISYS3DMOD}/Capacitor_SMD.3dshapes/C_0805_2012Metric.wrl
      (at (xyz 0 0 0))
      (scale (xyz 1 1 1))
      (rotate (xyz 0 0 0))
    )
  )

  (module keyboard_parts:D_SOD123_axial (layer B.Cu) (tedit 561B6A12) (tstamp 5C81A172)
    (at 103.199912 75.009312 180)
    (path /5C7DEC80)
    (attr smd)
    (fp_text reference D1 (at 0 -1.925 180) (layer B.SilkS)
      (effects (font (size 0.8 0.8) (thickness 0.15)) (justify mirror))
    )
    (fp_text value D (at 0 1.925 180) (layer B.SilkS) hide
      (effects (font (size 0.8 0.8) (thickness 0.15)) (justify mirror))
    )
    (fp_line (start -2.275 1.2) (end -2.275 -1.2) (layer B.SilkS) (width 0.2))
    (fp_line (start -2.45 1.2) (end -2.45 -1.2) (layer B.SilkS) (width 0.2))
    (fp_line (start -2.625 1.2) (end -2.625 -1.2) (layer B.SilkS) (width 0.2))
    (fp_line (start -3.025 -1.2) (end -3.025 1.2) (layer B.SilkS) (width 0.2))
    (fp_line (start -2.8 1.2) (end -2.8 -1.2) (layer B.SilkS) (width 0.2))
    (fp_line (start -2.925 1.2) (end -2.925 -1.2) (layer B.SilkS) (width 0.2))
    (fp_line (start -3 1.2) (end 2.8 1.2) (layer B.SilkS) (width 0.2))
    (fp_line (start 2.8 1.2) (end 2.8 -1.2) (layer B.SilkS) (width 0.2))
    (fp_line (start 2.8 -1.2) (end -3 -1.2) (layer B.SilkS) (width 0.2))
    (pad 2 smd rect (at 1.575 0 180) (size 1.2 1.2) (layers B.Cu B.Paste B.Mask)
      (net 4 "Net-(D1-Pad2)"))
    (pad 1 smd rect (at -1.575 0 180) (size 1.2 1.2) (layers B.Cu B.Paste B.Mask)
      (net 5 /row0))
    (pad 1 thru_hole rect (at -3.9 0 180) (size 1.6 1.6) (drill 0.7) (layers *.Cu *.Mask B.SilkS)
      (net 5 /row0))
    (pad 2 thru_hole circle (at 3.9 0 180) (size 1.6 1.6) (drill 0.7) (layers *.Cu *.Mask B.SilkS)
      (net 4 "Net-(D1-Pad2)"))
    (pad 1 smd rect (at -2.7 0 180) (size 2.5 0.5) (layers B.Cu)
      (net 5 /row0) (solder_mask_margin -999))
    (pad 2 smd rect (at 2.7 0 180) (size 2.5 0.5) (layers B.Cu)
      (net 4 "Net-(D1-Pad2)") (solder_mask_margin -999))
  )

  (module keyboard_parts:D_SOD123_axial (layer B.Cu) (tedit 561B6A12) (tstamp 5C81A185)
    (at 103.795224 92.868672 180)
    (path /5C7E2D6E)
    (attr smd)
    (fp_text reference D2 (at 0 -1.925 180) (layer B.SilkS)
      (effects (font (size 0.8 0.8) (thickness 0.15)) (justify mirror))
    )
    (fp_text value D (at 0 1.925 180) (layer B.SilkS) hide
      (effects (font (size 0.8 0.8) (thickness 0.15)) (justify mirror))
    )
    (fp_line (start -2.275 1.2) (end -2.275 -1.2) (layer B.SilkS) (width 0.2))
    (fp_line (start -2.45 1.2) (end -2.45 -1.2) (layer B.SilkS) (width 0.2))
    (fp_line (start -2.625 1.2) (end -2.625 -1.2) (layer B.SilkS) (width 0.2))
    (fp_line (start -3.025 -1.2) (end -3.025 1.2) (layer B.SilkS) (width 0.2))
    (fp_line (start -2.8 1.2) (end -2.8 -1.2) (layer B.SilkS) (width 0.2))
    (fp_line (start -2.925 1.2) (end -2.925 -1.2) (layer B.SilkS) (width 0.2))
    (fp_line (start -3 1.2) (end 2.8 1.2) (layer B.SilkS) (width 0.2))
    (fp_line (start 2.8 1.2) (end 2.8 -1.2) (layer B.SilkS) (width 0.2))
    (fp_line (start 2.8 -1.2) (end -3 -1.2) (layer B.SilkS) (width 0.2))
    (pad 2 smd rect (at 1.575 0 180) (size 1.2 1.2) (layers B.Cu B.Paste B.Mask)
      (net 6 "Net-(D2-Pad2)"))
    (pad 1 smd rect (at -1.575 0 180) (size 1.2 1.2) (layers B.Cu B.Paste B.Mask)
      (net 7 /row1))
    (pad 1 thru_hole rect (at -3.9 0 180) (size 1.6 1.6) (drill 0.7) (layers *.Cu *.Mask B.SilkS)
      (net 7 /row1))
    (pad 2 thru_hole circle (at 3.9 0 180) (size 1.6 1.6) (drill 0.7) (layers *.Cu *.Mask B.SilkS)
      (net 6 "Net-(D2-Pad2)"))
    (pad 1 smd rect (at -2.7 0 180) (size 2.5 0.5) (layers B.Cu)
      (net 7 /row1) (solder_mask_margin -999))
    (pad 2 smd rect (at 2.7 0 180) (size 2.5 0.5) (layers B.Cu)
      (net 6 "Net-(D2-Pad2)") (solder_mask_margin -999))
  )

  (module keyboard_parts:D_SOD123_axial (layer B.Cu) (tedit 561B6A12) (tstamp 5C81A198)
    (at 123.61396 75.009312 180)
    (path /5C7E2D14)
    (attr smd)
    (fp_text reference D3 (at 0 -1.925 180) (layer B.SilkS)
      (effects (font (size 0.8 0.8) (thickness 0.15)) (justify mirror))
    )
    (fp_text value D (at 0 1.925 180) (layer B.SilkS) hide
      (effects (font (size 0.8 0.8) (thickness 0.15)) (justify mirror))
    )
    (fp_line (start 2.8 -1.2) (end -3 -1.2) (layer B.SilkS) (width 0.2))
    (fp_line (start 2.8 1.2) (end 2.8 -1.2) (layer B.SilkS) (width 0.2))
    (fp_line (start -3 1.2) (end 2.8 1.2) (layer B.SilkS) (width 0.2))
    (fp_line (start -2.925 1.2) (end -2.925 -1.2) (layer B.SilkS) (width 0.2))
    (fp_line (start -2.8 1.2) (end -2.8 -1.2) (layer B.SilkS) (width 0.2))
    (fp_line (start -3.025 -1.2) (end -3.025 1.2) (layer B.SilkS) (width 0.2))
    (fp_line (start -2.625 1.2) (end -2.625 -1.2) (layer B.SilkS) (width 0.2))
    (fp_line (start -2.45 1.2) (end -2.45 -1.2) (layer B.SilkS) (width 0.2))
    (fp_line (start -2.275 1.2) (end -2.275 -1.2) (layer B.SilkS) (width 0.2))
    (pad 2 smd rect (at 2.7 0 180) (size 2.5 0.5) (layers B.Cu)
      (net 8 "Net-(D3-Pad2)") (solder_mask_margin -999))
    (pad 1 smd rect (at -2.7 0 180) (size 2.5 0.5) (layers B.Cu)
      (net 5 /row0) (solder_mask_margin -999))
    (pad 2 thru_hole circle (at 3.9 0 180) (size 1.6 1.6) (drill 0.7) (layers *.Cu *.Mask B.SilkS)
      (net 8 "Net-(D3-Pad2)"))
    (pad 1 thru_hole rect (at -3.9 0 180) (size 1.6 1.6) (drill 0.7) (layers *.Cu *.Mask B.SilkS)
      (net 5 /row0))
    (pad 1 smd rect (at -1.575 0 180) (size 1.2 1.2) (layers B.Cu B.Paste B.Mask)
      (net 5 /row0))
    (pad 2 smd rect (at 1.575 0 180) (size 1.2 1.2) (layers B.Cu B.Paste B.Mask)
      (net 8 "Net-(D3-Pad2)"))
  )

  (module keyboard_parts:D_SOD123_axial (layer B.Cu) (tedit 561B6A12) (tstamp 5C81A1AB)
    (at 122.845208 92.868672 180)
    (path /5C7E2DBC)
    (attr smd)
    (fp_text reference D4 (at 0 -1.925 180) (layer B.SilkS)
      (effects (font (size 0.8 0.8) (thickness 0.15)) (justify mirror))
    )
    (fp_text value D (at 0 1.925 180) (layer B.SilkS) hide
      (effects (font (size 0.8 0.8) (thickness 0.15)) (justify mirror))
    )
    (fp_line (start 2.8 -1.2) (end -3 -1.2) (layer B.SilkS) (width 0.2))
    (fp_line (start 2.8 1.2) (end 2.8 -1.2) (layer B.SilkS) (width 0.2))
    (fp_line (start -3 1.2) (end 2.8 1.2) (layer B.SilkS) (width 0.2))
    (fp_line (start -2.925 1.2) (end -2.925 -1.2) (layer B.SilkS) (width 0.2))
    (fp_line (start -2.8 1.2) (end -2.8 -1.2) (layer B.SilkS) (width 0.2))
    (fp_line (start -3.025 -1.2) (end -3.025 1.2) (layer B.SilkS) (width 0.2))
    (fp_line (start -2.625 1.2) (end -2.625 -1.2) (layer B.SilkS) (width 0.2))
    (fp_line (start -2.45 1.2) (end -2.45 -1.2) (layer B.SilkS) (width 0.2))
    (fp_line (start -2.275 1.2) (end -2.275 -1.2) (layer B.SilkS) (width 0.2))
    (pad 2 smd rect (at 2.7 0 180) (size 2.5 0.5) (layers B.Cu)
      (net 9 "Net-(D4-Pad2)") (solder_mask_margin -999))
    (pad 1 smd rect (at -2.7 0 180) (size 2.5 0.5) (layers B.Cu)
      (net 7 /row1) (solder_mask_margin -999))
    (pad 2 thru_hole circle (at 3.9 0 180) (size 1.6 1.6) (drill 0.7) (layers *.Cu *.Mask B.SilkS)
      (net 9 "Net-(D4-Pad2)"))
    (pad 1 thru_hole rect (at -3.9 0 180) (size 1.6 1.6) (drill 0.7) (layers *.Cu *.Mask B.SilkS)
      (net 7 /row1))
    (pad 1 smd rect (at -1.575 0 180) (size 1.2 1.2) (layers B.Cu B.Paste B.Mask)
      (net 7 /row1))
    (pad 2 smd rect (at 1.575 0 180) (size 1.2 1.2) (layers B.Cu B.Paste B.Mask)
      (net 9 "Net-(D4-Pad2)"))
  )

  (module keyboard_parts:USB_miniB_hirose_5S8 (layer B.Cu) (tedit 5950B1FC) (tstamp 5C81A1C0)
    (at 113.10947 77.39069)
    (descr "USB miniB hirose UX60SC-MB-5S8")
    (tags "USB miniB hirose through hole UX60SC-MB-5S8")
    (path /5C7E17D2)
    (fp_text reference J1 (at 0 -2.45) (layer B.SilkS) hide
      (effects (font (size 0.8128 0.8128) (thickness 0.2032)) (justify mirror))
    )
    (fp_text value USB_mini_micro_B (at 0 -7.95) (layer Dwgs.User) hide
      (effects (font (size 1.524 1.524) (thickness 0.3048)))
    )
    (fp_line (start 3.85 0.4) (end 3.85 -6.1) (layer B.SilkS) (width 0.2))
    (fp_line (start -3.85 0.4) (end -3.85 -6.1) (layer B.SilkS) (width 0.2))
    (fp_line (start -3.85 0.4) (end 3.85 0.4) (layer B.SilkS) (width 0.2))
    (fp_line (start -1 -6.1) (end 1 -6.1) (layer Dwgs.User) (width 0.2))
    (fp_line (start -3.85 -6.6) (end -3.85 -5.7) (layer Dwgs.User) (width 0.2))
    (fp_line (start 3.85 -6.6) (end 3.85 -5.7) (layer Dwgs.User) (width 0.2))
    (fp_text user "PCB edge" (at -0.05 -5.35) (layer Dwgs.User) hide
      (effects (font (size 0.5 0.5) (thickness 0.125)))
    )
    (fp_line (start -3.85 -6.6) (end 3.85 -6.6) (layer Dwgs.User) (width 0.2))
    (pad 6 smd rect (at 2.675 -5.2) (size 2.35 0.8) (layers B.Cu B.Paste B.Mask)
      (net 39 GND))
    (pad 6 smd rect (at -2.675 -5.2) (size 2.35 0.8) (layers B.Cu B.Paste B.Mask)
      (net 39 GND))
    (pad 1 smd rect (at -1.6 0) (size 0.5 1.4) (layers B.Cu B.Paste B.Mask)
      (net 3 VCC))
    (pad 2 smd rect (at -0.8 0) (size 0.5 1.4) (layers B.Cu B.Paste B.Mask)
      (net 10 "Net-(J1-Pad2)"))
    (pad 3 smd rect (at 0 0) (size 0.5 1.4) (layers B.Cu B.Paste B.Mask)
      (net 11 "Net-(J1-Pad3)"))
    (pad 4 smd rect (at 0.8 0) (size 0.5 1.4) (layers B.Cu B.Paste B.Mask)
